[VideoSensor]
ip = 172.19.5.215
port = 5005

[Camera]
width = 648
height = 481
start_column = 15
start_row = 53
column_size = 2591
row_size = 1923
column_mode = 1
row_mode = 1
exposure = 1111

[Sensor]
red_thresholds = (551040525, 784051947)
green_thresholds = (4198404, 0)
blue_thresholds = (4198404, 0)

[Misc]
quadrant = 3
H = [[  7.05029162e-01,  -1.56793245e-02,  -5.91819009e+01]
	 [  1.35565170e-02,   7.07440443e-01,   1.31859536e+02]
	 [ -6.10094942e-06,   3.32366566e-06,   1.00000000e+00]]
limits = [[  -1857.24755859,    95.21533966]
	      [  -62.00050354,   131.80209351]
	      [  -1838.97619629, -1263.8762207]
	      [  -31.78832054, -1248.64990234]]
