[VideoSensor]
ip = 172.19.5.216
port = 5005

[Camera]
width = 648
height = 486
start_column = 0
start_row = 0
column_size = 2591
row_size = 1943
column_mode = 1
row_mode = 1
exposure = 1111

[Sensor]
red_thresholds = (551040525, 784051947)
green_thresholds = (4198404, 0)
blue_thresholds = (4198404, 0)

[Misc]
quadrant = 4
H = [[  6.81286373e-01,   9.44788748e-03,  -4.02005238e+01]
	 [  1.45876155e-03,   6.76832822e-01,   9.91103037e+01]
	 [ -1.45876155e-06,   1.18327815e-05,   1.00000000e+00]]
