[VideoSensor]
ip = 172.19.5.214
port = 5005

[Camera]
width = 648
height = 486
start_column = 15
start_row = 53
column_size = 2591
row_size = 1943
column_mode = 1
row_mode = 1
exposure = 1111

[Sensor]
red_thresholds = (551040525, 784051947)
green_thresholds = (4198404, 0)
blue_thresholds = (4198404, 0)

[Misc]
quadrant = 2
H = [[  6.85456193e-01,  -4.17229209e-03,  -8.42727487e+01]
	 [  2.90919189e-03,   6.86617894e-01,   1.13929988e+02]
	 [ -3.02939227e-06,  -5.82101933e-06,   1.00000000e+00]]
limits = [[  -1875.58288574,  1446.18395996]
	      [  -96.21309662,  1465.2668457]
	      [  -1846.53552246,   108.28805542]
	      [  -87.03223419,   116.66612244]]
