[VideoSensor]
ip = 172.19.5.213
port = 5005

[Camera]
width = 648
height = 486
start_column = 15
start_row = 53
column_size = 2591
row_size = 1943
column_mode = 1
row_mode = 1
exposure = 1111

[Sensor]
red_thresholds = (551040525, 784051947)
green_thresholds = (4198404, 0)
blue_thresholds = (4198404, 0)

[Misc]
quadrant = 1
H = [[  6.89658675e-01,  -2.97832195e-03,  -5.84742968e+01]
	 [  3.11644355e-04,   6.96627854e-01,   1.05584006e+02]
	 [ -4.50457885e-06,   3.09171294e-06,   1.00000000e+00]]
limits = [[  -63.88021469  1451.10693359]
	      [  1730.34472656,  1468.9309082]
	      [  1746.69152832,   110.4634552]
	      [ -58.48548508,   108.36917877]]
